K_T = 3.45;
T   = 0.001;
i_1 = 1/6.5;
i_2 = 1/5.6;
d   = 0.038;