m         = 0.5; 
l         = 1.5; 
d         = 0.2;
g         = 9.80665;
F_dist    = 2.35;

phi_0     = 0;
phi_dot_0 = 0;